{
 "cells": [
  {
   "cell_type": "code",
   "execution_count": 44,
   "metadata": {},
   "outputs": [],
   "source": [
    "import pandas as pd \n",
    "import matplotlib.pyplot as plt ; \n",
    "import numpy as np\n",
    "%matplotlib notebook\n",
    "from math import sqrt\n",
    "import seaborn as sns\n",
    "from sklearn.svm import SVC\n",
    "from sklearn.model_selection import cross_val_score,train_test_split\n",
    "from sklearn import preprocessing\n",
    "from sklearn.linear_model import LogisticRegression\n",
    "from sklearn.metrics import accuracy_score\n",
    "from sklearn import tree   \n",
    "from six import StringIO \n",
    "from sklearn import tree\n",
    "from sklearn.naive_bayes import GaussianNB\n",
    "from sklearn import svm\n",
    "from sklearn import linear_model\n",
    "import pandas as pd\n",
    "import numpy as np\n",
    "import sklearn\n",
    "from sklearn.neural_network import MLPClassifier\n",
    "from sklearn.linear_model import LogisticRegression\n",
    "from sklearn.utils import shuffle\n",
    "import csv\n",
    "import matplotlib.pyplot as plt\n",
    "from sklearn import svm\n",
    "from decimal import Decimal, ROUND_HALF_UP\n",
    "from sklearn.svm import LinearSVC\n",
    "import os\n",
    "import seaborn as sns \n",
    "%matplotlib inline\n"
   ]
  },
  {
   "cell_type": "code",
   "execution_count": 45,
   "metadata": {},
   "outputs": [],
   "source": [
    "os.chdir(\"C:/Users/gizem\")"
   ]
  },
  {
   "cell_type": "code",
   "execution_count": 46,
   "metadata": {},
   "outputs": [],
   "source": [
    "data = pd.read_csv('patient.csv' , encoding='windows-1252')\n"
   ]
  },
  {
   "cell_type": "code",
   "execution_count": 47,
   "metadata": {
    "scrolled": true
   },
   "outputs": [
    {
     "name": "stdout",
     "output_type": "stream",
     "text": [
      "<class 'pandas.core.frame.DataFrame'>\n",
      "RangeIndex: 95839 entries, 0 to 95838\n",
      "Data columns (total 21 columns):\n",
      " #   Column                  Non-Null Count  Dtype \n",
      "---  ------                  --------------  ----- \n",
      " 0   sex                     95839 non-null  int64 \n",
      " 1   patient_type            95839 non-null  int64 \n",
      " 2   intubated               95839 non-null  int64 \n",
      " 3   pneumonia               95839 non-null  int64 \n",
      " 4   age                     95839 non-null  int64 \n",
      " 5   pregnant                95839 non-null  int64 \n",
      " 6   diabetes                95839 non-null  int64 \n",
      " 7   copd                    95839 non-null  int64 \n",
      " 8   asthma                  95839 non-null  int64 \n",
      " 9   immunosuppression       95839 non-null  int64 \n",
      " 10  hypertension            95839 non-null  int64 \n",
      " 11  other_diseases          95839 non-null  int64 \n",
      " 12  cardiovascular          95839 non-null  int64 \n",
      " 13  obesity                 95839 non-null  int64 \n",
      " 14  chronic_kidney_failure  95839 non-null  int64 \n",
      " 15  smoker                  95839 non-null  int64 \n",
      " 16  another_case            95839 non-null  int64 \n",
      " 17  outcome                 95839 non-null  int64 \n",
      " 18  icu                     95839 non-null  int64 \n",
      " 19  death_date              95839 non-null  object\n",
      " 20  deaths                  95839 non-null  int64 \n",
      "dtypes: int64(20), object(1)\n",
      "memory usage: 15.4+ MB\n"
     ]
    }
   ],
   "source": [
    "data.info()"
   ]
  },
  {
   "cell_type": "code",
   "execution_count": 48,
   "metadata": {},
   "outputs": [
    {
     "data": {
      "text/html": [
       "<div>\n",
       "<style scoped>\n",
       "    .dataframe tbody tr th:only-of-type {\n",
       "        vertical-align: middle;\n",
       "    }\n",
       "\n",
       "    .dataframe tbody tr th {\n",
       "        vertical-align: top;\n",
       "    }\n",
       "\n",
       "    .dataframe thead th {\n",
       "        text-align: right;\n",
       "    }\n",
       "</style>\n",
       "<table border=\"1\" class=\"dataframe\">\n",
       "  <thead>\n",
       "    <tr style=\"text-align: right;\">\n",
       "      <th></th>\n",
       "      <th>sex</th>\n",
       "      <th>patient_type</th>\n",
       "      <th>intubated</th>\n",
       "      <th>pneumonia</th>\n",
       "      <th>age</th>\n",
       "      <th>pregnant</th>\n",
       "      <th>diabetes</th>\n",
       "      <th>copd</th>\n",
       "      <th>asthma</th>\n",
       "      <th>immunosuppression</th>\n",
       "      <th>hypertension</th>\n",
       "      <th>other_diseases</th>\n",
       "      <th>cardiovascular</th>\n",
       "      <th>obesity</th>\n",
       "      <th>chronic_kidney_failure</th>\n",
       "      <th>smoker</th>\n",
       "      <th>another_case</th>\n",
       "      <th>outcome</th>\n",
       "      <th>icu</th>\n",
       "      <th>deaths</th>\n",
       "    </tr>\n",
       "  </thead>\n",
       "  <tbody>\n",
       "    <tr>\n",
       "      <th>sex</th>\n",
       "      <td>1.000000</td>\n",
       "      <td>0.104142</td>\n",
       "      <td>-0.104231</td>\n",
       "      <td>-0.041587</td>\n",
       "      <td>0.036508</td>\n",
       "      <td>0.995064</td>\n",
       "      <td>0.015488</td>\n",
       "      <td>0.017833</td>\n",
       "      <td>0.017779</td>\n",
       "      <td>0.014783</td>\n",
       "      <td>0.016326</td>\n",
       "      <td>0.019640</td>\n",
       "      <td>0.015451</td>\n",
       "      <td>0.016856</td>\n",
       "      <td>0.015694</td>\n",
       "      <td>0.011192</td>\n",
       "      <td>-0.016174</td>\n",
       "      <td>-0.045686</td>\n",
       "      <td>-0.104268</td>\n",
       "      <td>0.052972</td>\n",
       "    </tr>\n",
       "    <tr>\n",
       "      <th>patient_type</th>\n",
       "      <td>0.104142</td>\n",
       "      <td>1.000000</td>\n",
       "      <td>-0.999327</td>\n",
       "      <td>-0.263222</td>\n",
       "      <td>0.277913</td>\n",
       "      <td>0.103534</td>\n",
       "      <td>0.012617</td>\n",
       "      <td>0.020348</td>\n",
       "      <td>0.026499</td>\n",
       "      <td>0.025789</td>\n",
       "      <td>0.011135</td>\n",
       "      <td>0.039194</td>\n",
       "      <td>0.024838</td>\n",
       "      <td>0.022876</td>\n",
       "      <td>0.022190</td>\n",
       "      <td>0.024992</td>\n",
       "      <td>0.183498</td>\n",
       "      <td>-0.087532</td>\n",
       "      <td>-0.999299</td>\n",
       "      <td>0.282048</td>\n",
       "    </tr>\n",
       "    <tr>\n",
       "      <th>intubated</th>\n",
       "      <td>-0.104231</td>\n",
       "      <td>-0.999327</td>\n",
       "      <td>1.000000</td>\n",
       "      <td>0.263512</td>\n",
       "      <td>-0.278253</td>\n",
       "      <td>-0.103628</td>\n",
       "      <td>-0.012775</td>\n",
       "      <td>-0.020500</td>\n",
       "      <td>-0.026657</td>\n",
       "      <td>-0.025573</td>\n",
       "      <td>-0.011283</td>\n",
       "      <td>-0.039362</td>\n",
       "      <td>-0.024987</td>\n",
       "      <td>-0.023029</td>\n",
       "      <td>-0.022344</td>\n",
       "      <td>-0.025147</td>\n",
       "      <td>-0.183582</td>\n",
       "      <td>0.087906</td>\n",
       "      <td>0.999966</td>\n",
       "      <td>-0.282923</td>\n",
       "    </tr>\n",
       "    <tr>\n",
       "      <th>pneumonia</th>\n",
       "      <td>-0.041587</td>\n",
       "      <td>-0.263222</td>\n",
       "      <td>0.263512</td>\n",
       "      <td>1.000000</td>\n",
       "      <td>-0.103844</td>\n",
       "      <td>-0.041455</td>\n",
       "      <td>-0.001884</td>\n",
       "      <td>-0.004933</td>\n",
       "      <td>-0.007060</td>\n",
       "      <td>-0.007793</td>\n",
       "      <td>-0.001364</td>\n",
       "      <td>-0.014695</td>\n",
       "      <td>-0.007436</td>\n",
       "      <td>-0.005875</td>\n",
       "      <td>-0.005447</td>\n",
       "      <td>-0.006953</td>\n",
       "      <td>-0.033221</td>\n",
       "      <td>0.033883</td>\n",
       "      <td>0.263465</td>\n",
       "      <td>-0.108989</td>\n",
       "    </tr>\n",
       "    <tr>\n",
       "      <th>age</th>\n",
       "      <td>0.036508</td>\n",
       "      <td>0.277913</td>\n",
       "      <td>-0.278253</td>\n",
       "      <td>-0.103844</td>\n",
       "      <td>1.000000</td>\n",
       "      <td>0.035711</td>\n",
       "      <td>0.006527</td>\n",
       "      <td>0.019210</td>\n",
       "      <td>0.024390</td>\n",
       "      <td>0.023457</td>\n",
       "      <td>-0.002451</td>\n",
       "      <td>0.025646</td>\n",
       "      <td>0.021370</td>\n",
       "      <td>0.017958</td>\n",
       "      <td>0.024006</td>\n",
       "      <td>0.022067</td>\n",
       "      <td>0.046247</td>\n",
       "      <td>-0.072277</td>\n",
       "      <td>-0.278264</td>\n",
       "      <td>0.185163</td>\n",
       "    </tr>\n",
       "    <tr>\n",
       "      <th>pregnant</th>\n",
       "      <td>0.995064</td>\n",
       "      <td>0.103534</td>\n",
       "      <td>-0.103628</td>\n",
       "      <td>-0.041455</td>\n",
       "      <td>0.035711</td>\n",
       "      <td>1.000000</td>\n",
       "      <td>0.027024</td>\n",
       "      <td>0.030218</td>\n",
       "      <td>0.030095</td>\n",
       "      <td>0.026829</td>\n",
       "      <td>0.028412</td>\n",
       "      <td>0.029823</td>\n",
       "      <td>0.027337</td>\n",
       "      <td>0.028823</td>\n",
       "      <td>0.027718</td>\n",
       "      <td>0.022950</td>\n",
       "      <td>-0.015163</td>\n",
       "      <td>-0.047578</td>\n",
       "      <td>-0.103665</td>\n",
       "      <td>0.052960</td>\n",
       "    </tr>\n",
       "    <tr>\n",
       "      <th>diabetes</th>\n",
       "      <td>0.015488</td>\n",
       "      <td>0.012617</td>\n",
       "      <td>-0.012775</td>\n",
       "      <td>-0.001884</td>\n",
       "      <td>0.006527</td>\n",
       "      <td>0.027024</td>\n",
       "      <td>1.000000</td>\n",
       "      <td>0.869776</td>\n",
       "      <td>0.881200</td>\n",
       "      <td>0.858777</td>\n",
       "      <td>0.876861</td>\n",
       "      <td>0.749238</td>\n",
       "      <td>0.866721</td>\n",
       "      <td>0.809533</td>\n",
       "      <td>0.862719</td>\n",
       "      <td>0.837194</td>\n",
       "      <td>0.026889</td>\n",
       "      <td>-0.030232</td>\n",
       "      <td>-0.012740</td>\n",
       "      <td>0.006402</td>\n",
       "    </tr>\n",
       "    <tr>\n",
       "      <th>copd</th>\n",
       "      <td>0.017833</td>\n",
       "      <td>0.020348</td>\n",
       "      <td>-0.020500</td>\n",
       "      <td>-0.004933</td>\n",
       "      <td>0.019210</td>\n",
       "      <td>0.030218</td>\n",
       "      <td>0.869776</td>\n",
       "      <td>1.000000</td>\n",
       "      <td>0.918751</td>\n",
       "      <td>0.910085</td>\n",
       "      <td>0.893289</td>\n",
       "      <td>0.783647</td>\n",
       "      <td>0.903781</td>\n",
       "      <td>0.843663</td>\n",
       "      <td>0.900077</td>\n",
       "      <td>0.871733</td>\n",
       "      <td>0.032278</td>\n",
       "      <td>-0.036061</td>\n",
       "      <td>-0.020460</td>\n",
       "      <td>0.012222</td>\n",
       "    </tr>\n",
       "    <tr>\n",
       "      <th>asthma</th>\n",
       "      <td>0.017779</td>\n",
       "      <td>0.026499</td>\n",
       "      <td>-0.026657</td>\n",
       "      <td>-0.007060</td>\n",
       "      <td>0.024390</td>\n",
       "      <td>0.030095</td>\n",
       "      <td>0.881200</td>\n",
       "      <td>0.918751</td>\n",
       "      <td>1.000000</td>\n",
       "      <td>0.918711</td>\n",
       "      <td>0.897319</td>\n",
       "      <td>0.791514</td>\n",
       "      <td>0.912634</td>\n",
       "      <td>0.848370</td>\n",
       "      <td>0.914133</td>\n",
       "      <td>0.886042</td>\n",
       "      <td>0.034112</td>\n",
       "      <td>-0.037689</td>\n",
       "      <td>-0.026633</td>\n",
       "      <td>0.014577</td>\n",
       "    </tr>\n",
       "    <tr>\n",
       "      <th>immunosuppression</th>\n",
       "      <td>0.014783</td>\n",
       "      <td>0.025789</td>\n",
       "      <td>-0.025573</td>\n",
       "      <td>-0.007793</td>\n",
       "      <td>0.023457</td>\n",
       "      <td>0.026829</td>\n",
       "      <td>0.858777</td>\n",
       "      <td>0.910085</td>\n",
       "      <td>0.918711</td>\n",
       "      <td>1.000000</td>\n",
       "      <td>0.891359</td>\n",
       "      <td>0.791973</td>\n",
       "      <td>0.906272</td>\n",
       "      <td>0.848535</td>\n",
       "      <td>0.903133</td>\n",
       "      <td>0.877877</td>\n",
       "      <td>0.033583</td>\n",
       "      <td>-0.033387</td>\n",
       "      <td>-0.025190</td>\n",
       "      <td>0.017316</td>\n",
       "    </tr>\n",
       "    <tr>\n",
       "      <th>hypertension</th>\n",
       "      <td>0.016326</td>\n",
       "      <td>0.011135</td>\n",
       "      <td>-0.011283</td>\n",
       "      <td>-0.001364</td>\n",
       "      <td>-0.002451</td>\n",
       "      <td>0.028412</td>\n",
       "      <td>0.876861</td>\n",
       "      <td>0.893289</td>\n",
       "      <td>0.897319</td>\n",
       "      <td>0.891359</td>\n",
       "      <td>1.000000</td>\n",
       "      <td>0.773648</td>\n",
       "      <td>0.904675</td>\n",
       "      <td>0.845066</td>\n",
       "      <td>0.895996</td>\n",
       "      <td>0.862587</td>\n",
       "      <td>0.027272</td>\n",
       "      <td>-0.031894</td>\n",
       "      <td>-0.011236</td>\n",
       "      <td>0.004750</td>\n",
       "    </tr>\n",
       "    <tr>\n",
       "      <th>other_diseases</th>\n",
       "      <td>0.019640</td>\n",
       "      <td>0.039194</td>\n",
       "      <td>-0.039362</td>\n",
       "      <td>-0.014695</td>\n",
       "      <td>0.025646</td>\n",
       "      <td>0.029823</td>\n",
       "      <td>0.749238</td>\n",
       "      <td>0.783647</td>\n",
       "      <td>0.791514</td>\n",
       "      <td>0.791973</td>\n",
       "      <td>0.773648</td>\n",
       "      <td>1.000000</td>\n",
       "      <td>0.801316</td>\n",
       "      <td>0.733823</td>\n",
       "      <td>0.785931</td>\n",
       "      <td>0.763860</td>\n",
       "      <td>0.021480</td>\n",
       "      <td>-0.026727</td>\n",
       "      <td>-0.038986</td>\n",
       "      <td>0.015320</td>\n",
       "    </tr>\n",
       "    <tr>\n",
       "      <th>cardiovascular</th>\n",
       "      <td>0.015451</td>\n",
       "      <td>0.024838</td>\n",
       "      <td>-0.024987</td>\n",
       "      <td>-0.007436</td>\n",
       "      <td>0.021370</td>\n",
       "      <td>0.027337</td>\n",
       "      <td>0.866721</td>\n",
       "      <td>0.903781</td>\n",
       "      <td>0.912634</td>\n",
       "      <td>0.906272</td>\n",
       "      <td>0.904675</td>\n",
       "      <td>0.801316</td>\n",
       "      <td>1.000000</td>\n",
       "      <td>0.856071</td>\n",
       "      <td>0.916242</td>\n",
       "      <td>0.888326</td>\n",
       "      <td>0.034096</td>\n",
       "      <td>-0.036157</td>\n",
       "      <td>-0.024948</td>\n",
       "      <td>0.015372</td>\n",
       "    </tr>\n",
       "    <tr>\n",
       "      <th>obesity</th>\n",
       "      <td>0.016856</td>\n",
       "      <td>0.022876</td>\n",
       "      <td>-0.023029</td>\n",
       "      <td>-0.005875</td>\n",
       "      <td>0.017958</td>\n",
       "      <td>0.028823</td>\n",
       "      <td>0.809533</td>\n",
       "      <td>0.843663</td>\n",
       "      <td>0.848370</td>\n",
       "      <td>0.848535</td>\n",
       "      <td>0.845066</td>\n",
       "      <td>0.733823</td>\n",
       "      <td>0.856071</td>\n",
       "      <td>1.000000</td>\n",
       "      <td>0.859204</td>\n",
       "      <td>0.840474</td>\n",
       "      <td>0.033646</td>\n",
       "      <td>-0.026938</td>\n",
       "      <td>-0.022990</td>\n",
       "      <td>0.004742</td>\n",
       "    </tr>\n",
       "    <tr>\n",
       "      <th>chronic_kidney_failure</th>\n",
       "      <td>0.015694</td>\n",
       "      <td>0.022190</td>\n",
       "      <td>-0.022344</td>\n",
       "      <td>-0.005447</td>\n",
       "      <td>0.024006</td>\n",
       "      <td>0.027718</td>\n",
       "      <td>0.862719</td>\n",
       "      <td>0.900077</td>\n",
       "      <td>0.914133</td>\n",
       "      <td>0.903133</td>\n",
       "      <td>0.895996</td>\n",
       "      <td>0.785931</td>\n",
       "      <td>0.916242</td>\n",
       "      <td>0.859204</td>\n",
       "      <td>1.000000</td>\n",
       "      <td>0.889492</td>\n",
       "      <td>0.032815</td>\n",
       "      <td>-0.037716</td>\n",
       "      <td>-0.022308</td>\n",
       "      <td>0.009510</td>\n",
       "    </tr>\n",
       "    <tr>\n",
       "      <th>smoker</th>\n",
       "      <td>0.011192</td>\n",
       "      <td>0.024992</td>\n",
       "      <td>-0.025147</td>\n",
       "      <td>-0.006953</td>\n",
       "      <td>0.022067</td>\n",
       "      <td>0.022950</td>\n",
       "      <td>0.837194</td>\n",
       "      <td>0.871733</td>\n",
       "      <td>0.886042</td>\n",
       "      <td>0.877877</td>\n",
       "      <td>0.862587</td>\n",
       "      <td>0.763860</td>\n",
       "      <td>0.888326</td>\n",
       "      <td>0.840474</td>\n",
       "      <td>0.889492</td>\n",
       "      <td>1.000000</td>\n",
       "      <td>0.036514</td>\n",
       "      <td>-0.034835</td>\n",
       "      <td>-0.025135</td>\n",
       "      <td>0.017503</td>\n",
       "    </tr>\n",
       "    <tr>\n",
       "      <th>another_case</th>\n",
       "      <td>-0.016174</td>\n",
       "      <td>0.183498</td>\n",
       "      <td>-0.183582</td>\n",
       "      <td>-0.033221</td>\n",
       "      <td>0.046247</td>\n",
       "      <td>-0.015163</td>\n",
       "      <td>0.026889</td>\n",
       "      <td>0.032278</td>\n",
       "      <td>0.034112</td>\n",
       "      <td>0.033583</td>\n",
       "      <td>0.027272</td>\n",
       "      <td>0.021480</td>\n",
       "      <td>0.034096</td>\n",
       "      <td>0.033646</td>\n",
       "      <td>0.032815</td>\n",
       "      <td>0.036514</td>\n",
       "      <td>1.000000</td>\n",
       "      <td>-0.048133</td>\n",
       "      <td>-0.183644</td>\n",
       "      <td>0.067689</td>\n",
       "    </tr>\n",
       "    <tr>\n",
       "      <th>outcome</th>\n",
       "      <td>-0.045686</td>\n",
       "      <td>-0.087532</td>\n",
       "      <td>0.087906</td>\n",
       "      <td>0.033883</td>\n",
       "      <td>-0.072277</td>\n",
       "      <td>-0.047578</td>\n",
       "      <td>-0.030232</td>\n",
       "      <td>-0.036061</td>\n",
       "      <td>-0.037689</td>\n",
       "      <td>-0.033387</td>\n",
       "      <td>-0.031894</td>\n",
       "      <td>-0.026727</td>\n",
       "      <td>-0.036157</td>\n",
       "      <td>-0.026938</td>\n",
       "      <td>-0.037716</td>\n",
       "      <td>-0.034835</td>\n",
       "      <td>-0.048133</td>\n",
       "      <td>1.000000</td>\n",
       "      <td>0.087843</td>\n",
       "      <td>-0.146525</td>\n",
       "    </tr>\n",
       "    <tr>\n",
       "      <th>icu</th>\n",
       "      <td>-0.104268</td>\n",
       "      <td>-0.999299</td>\n",
       "      <td>0.999966</td>\n",
       "      <td>0.263465</td>\n",
       "      <td>-0.278264</td>\n",
       "      <td>-0.103665</td>\n",
       "      <td>-0.012740</td>\n",
       "      <td>-0.020460</td>\n",
       "      <td>-0.026633</td>\n",
       "      <td>-0.025190</td>\n",
       "      <td>-0.011236</td>\n",
       "      <td>-0.038986</td>\n",
       "      <td>-0.024948</td>\n",
       "      <td>-0.022990</td>\n",
       "      <td>-0.022308</td>\n",
       "      <td>-0.025135</td>\n",
       "      <td>-0.183644</td>\n",
       "      <td>0.087843</td>\n",
       "      <td>1.000000</td>\n",
       "      <td>-0.282638</td>\n",
       "    </tr>\n",
       "    <tr>\n",
       "      <th>deaths</th>\n",
       "      <td>0.052972</td>\n",
       "      <td>0.282048</td>\n",
       "      <td>-0.282923</td>\n",
       "      <td>-0.108989</td>\n",
       "      <td>0.185163</td>\n",
       "      <td>0.052960</td>\n",
       "      <td>0.006402</td>\n",
       "      <td>0.012222</td>\n",
       "      <td>0.014577</td>\n",
       "      <td>0.017316</td>\n",
       "      <td>0.004750</td>\n",
       "      <td>0.015320</td>\n",
       "      <td>0.015372</td>\n",
       "      <td>0.004742</td>\n",
       "      <td>0.009510</td>\n",
       "      <td>0.017503</td>\n",
       "      <td>0.067689</td>\n",
       "      <td>-0.146525</td>\n",
       "      <td>-0.282638</td>\n",
       "      <td>1.000000</td>\n",
       "    </tr>\n",
       "  </tbody>\n",
       "</table>\n",
       "</div>"
      ],
      "text/plain": [
       "                             sex  patient_type  intubated  pneumonia  \\\n",
       "sex                     1.000000      0.104142  -0.104231  -0.041587   \n",
       "patient_type            0.104142      1.000000  -0.999327  -0.263222   \n",
       "intubated              -0.104231     -0.999327   1.000000   0.263512   \n",
       "pneumonia              -0.041587     -0.263222   0.263512   1.000000   \n",
       "age                     0.036508      0.277913  -0.278253  -0.103844   \n",
       "pregnant                0.995064      0.103534  -0.103628  -0.041455   \n",
       "diabetes                0.015488      0.012617  -0.012775  -0.001884   \n",
       "copd                    0.017833      0.020348  -0.020500  -0.004933   \n",
       "asthma                  0.017779      0.026499  -0.026657  -0.007060   \n",
       "immunosuppression       0.014783      0.025789  -0.025573  -0.007793   \n",
       "hypertension            0.016326      0.011135  -0.011283  -0.001364   \n",
       "other_diseases          0.019640      0.039194  -0.039362  -0.014695   \n",
       "cardiovascular          0.015451      0.024838  -0.024987  -0.007436   \n",
       "obesity                 0.016856      0.022876  -0.023029  -0.005875   \n",
       "chronic_kidney_failure  0.015694      0.022190  -0.022344  -0.005447   \n",
       "smoker                  0.011192      0.024992  -0.025147  -0.006953   \n",
       "another_case           -0.016174      0.183498  -0.183582  -0.033221   \n",
       "outcome                -0.045686     -0.087532   0.087906   0.033883   \n",
       "icu                    -0.104268     -0.999299   0.999966   0.263465   \n",
       "deaths                  0.052972      0.282048  -0.282923  -0.108989   \n",
       "\n",
       "                             age  pregnant  diabetes      copd    asthma  \\\n",
       "sex                     0.036508  0.995064  0.015488  0.017833  0.017779   \n",
       "patient_type            0.277913  0.103534  0.012617  0.020348  0.026499   \n",
       "intubated              -0.278253 -0.103628 -0.012775 -0.020500 -0.026657   \n",
       "pneumonia              -0.103844 -0.041455 -0.001884 -0.004933 -0.007060   \n",
       "age                     1.000000  0.035711  0.006527  0.019210  0.024390   \n",
       "pregnant                0.035711  1.000000  0.027024  0.030218  0.030095   \n",
       "diabetes                0.006527  0.027024  1.000000  0.869776  0.881200   \n",
       "copd                    0.019210  0.030218  0.869776  1.000000  0.918751   \n",
       "asthma                  0.024390  0.030095  0.881200  0.918751  1.000000   \n",
       "immunosuppression       0.023457  0.026829  0.858777  0.910085  0.918711   \n",
       "hypertension           -0.002451  0.028412  0.876861  0.893289  0.897319   \n",
       "other_diseases          0.025646  0.029823  0.749238  0.783647  0.791514   \n",
       "cardiovascular          0.021370  0.027337  0.866721  0.903781  0.912634   \n",
       "obesity                 0.017958  0.028823  0.809533  0.843663  0.848370   \n",
       "chronic_kidney_failure  0.024006  0.027718  0.862719  0.900077  0.914133   \n",
       "smoker                  0.022067  0.022950  0.837194  0.871733  0.886042   \n",
       "another_case            0.046247 -0.015163  0.026889  0.032278  0.034112   \n",
       "outcome                -0.072277 -0.047578 -0.030232 -0.036061 -0.037689   \n",
       "icu                    -0.278264 -0.103665 -0.012740 -0.020460 -0.026633   \n",
       "deaths                  0.185163  0.052960  0.006402  0.012222  0.014577   \n",
       "\n",
       "                        immunosuppression  hypertension  other_diseases  \\\n",
       "sex                              0.014783      0.016326        0.019640   \n",
       "patient_type                     0.025789      0.011135        0.039194   \n",
       "intubated                       -0.025573     -0.011283       -0.039362   \n",
       "pneumonia                       -0.007793     -0.001364       -0.014695   \n",
       "age                              0.023457     -0.002451        0.025646   \n",
       "pregnant                         0.026829      0.028412        0.029823   \n",
       "diabetes                         0.858777      0.876861        0.749238   \n",
       "copd                             0.910085      0.893289        0.783647   \n",
       "asthma                           0.918711      0.897319        0.791514   \n",
       "immunosuppression                1.000000      0.891359        0.791973   \n",
       "hypertension                     0.891359      1.000000        0.773648   \n",
       "other_diseases                   0.791973      0.773648        1.000000   \n",
       "cardiovascular                   0.906272      0.904675        0.801316   \n",
       "obesity                          0.848535      0.845066        0.733823   \n",
       "chronic_kidney_failure           0.903133      0.895996        0.785931   \n",
       "smoker                           0.877877      0.862587        0.763860   \n",
       "another_case                     0.033583      0.027272        0.021480   \n",
       "outcome                         -0.033387     -0.031894       -0.026727   \n",
       "icu                             -0.025190     -0.011236       -0.038986   \n",
       "deaths                           0.017316      0.004750        0.015320   \n",
       "\n",
       "                        cardiovascular   obesity  chronic_kidney_failure  \\\n",
       "sex                           0.015451  0.016856                0.015694   \n",
       "patient_type                  0.024838  0.022876                0.022190   \n",
       "intubated                    -0.024987 -0.023029               -0.022344   \n",
       "pneumonia                    -0.007436 -0.005875               -0.005447   \n",
       "age                           0.021370  0.017958                0.024006   \n",
       "pregnant                      0.027337  0.028823                0.027718   \n",
       "diabetes                      0.866721  0.809533                0.862719   \n",
       "copd                          0.903781  0.843663                0.900077   \n",
       "asthma                        0.912634  0.848370                0.914133   \n",
       "immunosuppression             0.906272  0.848535                0.903133   \n",
       "hypertension                  0.904675  0.845066                0.895996   \n",
       "other_diseases                0.801316  0.733823                0.785931   \n",
       "cardiovascular                1.000000  0.856071                0.916242   \n",
       "obesity                       0.856071  1.000000                0.859204   \n",
       "chronic_kidney_failure        0.916242  0.859204                1.000000   \n",
       "smoker                        0.888326  0.840474                0.889492   \n",
       "another_case                  0.034096  0.033646                0.032815   \n",
       "outcome                      -0.036157 -0.026938               -0.037716   \n",
       "icu                          -0.024948 -0.022990               -0.022308   \n",
       "deaths                        0.015372  0.004742                0.009510   \n",
       "\n",
       "                          smoker  another_case   outcome       icu    deaths  \n",
       "sex                     0.011192     -0.016174 -0.045686 -0.104268  0.052972  \n",
       "patient_type            0.024992      0.183498 -0.087532 -0.999299  0.282048  \n",
       "intubated              -0.025147     -0.183582  0.087906  0.999966 -0.282923  \n",
       "pneumonia              -0.006953     -0.033221  0.033883  0.263465 -0.108989  \n",
       "age                     0.022067      0.046247 -0.072277 -0.278264  0.185163  \n",
       "pregnant                0.022950     -0.015163 -0.047578 -0.103665  0.052960  \n",
       "diabetes                0.837194      0.026889 -0.030232 -0.012740  0.006402  \n",
       "copd                    0.871733      0.032278 -0.036061 -0.020460  0.012222  \n",
       "asthma                  0.886042      0.034112 -0.037689 -0.026633  0.014577  \n",
       "immunosuppression       0.877877      0.033583 -0.033387 -0.025190  0.017316  \n",
       "hypertension            0.862587      0.027272 -0.031894 -0.011236  0.004750  \n",
       "other_diseases          0.763860      0.021480 -0.026727 -0.038986  0.015320  \n",
       "cardiovascular          0.888326      0.034096 -0.036157 -0.024948  0.015372  \n",
       "obesity                 0.840474      0.033646 -0.026938 -0.022990  0.004742  \n",
       "chronic_kidney_failure  0.889492      0.032815 -0.037716 -0.022308  0.009510  \n",
       "smoker                  1.000000      0.036514 -0.034835 -0.025135  0.017503  \n",
       "another_case            0.036514      1.000000 -0.048133 -0.183644  0.067689  \n",
       "outcome                -0.034835     -0.048133  1.000000  0.087843 -0.146525  \n",
       "icu                    -0.025135     -0.183644  0.087843  1.000000 -0.282638  \n",
       "deaths                  0.017503      0.067689 -0.146525 -0.282638  1.000000  "
      ]
     },
     "execution_count": 48,
     "metadata": {},
     "output_type": "execute_result"
    }
   ],
   "source": [
    "data.corr()"
   ]
  },
  {
   "cell_type": "code",
   "execution_count": 49,
   "metadata": {
    "scrolled": true
   },
   "outputs": [
    {
     "data": {
      "text/plain": [
       "<AxesSubplot:>"
      ]
     },
     "execution_count": 49,
     "metadata": {},
     "output_type": "execute_result"
    },
    {
     "data": {
